26.5  0.24651499  0.066952925
31.5  -0.075016838  0.074405675
37.5  0.03681011  0.061578343
45.0  0.22632962  0.071686283
53.5  0.30102221  0.060963318
64.0  0.26416751  0.06215534
77.0  0.59056296  0.068052098
92.0  0.68768611  0.072717099
110.0  0.81745649  0.082159776
131.5  1.013754  0.085274152
157.0  0.83175353  0.084505884
187.5  1.0225551  0.082193233
224.5  0.91995139  0.096563986
268.5  1.0488503  0.092409925
321.0  1.0006688  0.10762369
384.0  0.030327142  0.11128258
459.0  0.80779455  0.11358958
