13.5  -0.08686202  0.10523683
17.0  -0.00028336683  0.10404954
21.5  0.39549766  0.10484708
26.5  0.64898875  0.11451587
32.5  0.98629885  0.12348287
40.5  1.2738367  0.13811607
50.5  1.5521642  0.15388326
62.5  1.7937336  0.17705056
77.0  1.9496897  0.18269896
95.5  2.1442858  0.19330147
118.5  2.2476224  0.20016646
146.5  2.2736011  0.20349256
181.5  2.3412686  0.22300091
225.0  2.3688199  0.23173881
278.5  2.3827256  0.22193945
345.0  2.3501046  0.23529551
427.5  2.3514268  0.23890579
530.0  2.2371275  0.23800476
657.0  2.2419659  0.2419887
813.5  2.2532511  0.24183195
1008.0  2.1192041  0.21980308
1249.0  2.0542705  0.21117029
1547.0  1.9030991  0.20451132
1917.0  1.7446048  0.19647609
2375.5  1.6927  0.18950122
2943.0  1.5981256  0.1840303
3646.5  1.6039446  0.18872818
4518.0  1.1224942  0.21012839
