15.5  0.15292252  0.052740535
21.0  0.38631017  0.055072637
28.5  0.69224909  0.084858234
38.5  0.85964615  0.067482579
51.5  1.1261818  0.065077206
69.0  1.1330089  0.088886682
93.0  1.2235749  0.11161393
125.0  1.153885  0.14029777
168.0  1.1422638  0.13451338
226.0  1.1592851  0.11867581
304.0  1.13572  0.12101049
409.0  1.1675271  0.12601527
549.5  1.1886272  0.12858043
738.5  1.1312758  0.14487935
993.0  0.7828215  0.14136594
1335.0  0.47138527  0.092036676
1794.5  0.015781112  0.10474146
2412.0  -0.47093483  0.13489324
3242.5  -0.23846018  0.14991733
4359.5  -0.33780677  0.21495131
