15.5  0.033888294  0.024477253
21.0  -0.0014552824  0.022247466
28.0  0.081038804  0.022842533
37.5  0.2018135  0.023807911
50.5  0.24762844  0.023141064
67.5  0.36880399  0.02383251
90.0  0.42008972  0.024870929
120.5  0.52586699  0.02595499
161.5  0.60867394  0.026311948
216.5  0.68390328  0.026307944
290.0  0.75502894  0.028745513
388.0  0.80219489  0.027842095
519.0  0.86475372  0.030303474
695.0  1.0015922  0.035431968
931.0  0.80711995  0.057909494
1246.5  1.0284671  0.031724506
1668.5  1.0749041  0.037594066
2233.5  1.1960595  0.043482563
2990.5  1.2854933  0.051815168
4004.0  1.4913408  0.053349341
5360.5  1.2687215  0.058126202
7176.5  1.4889929  0.080993055
9608.0  1.0448509  0.079167794
