13.5   1.5   0.19842312   0.23282396
16.5   1.5   0.26978564   0.25932545
20.0   2.0   0.68525942   0.23642698
24.5   2.5   0.96717221   0.21480118
30.0   3.0   0.96447117   0.23224978
36.5   3.5   1.3062732   0.23204109
44.5   4.5   1.3923964   0.23520042
54.5   5.5   1.6281885   0.23218629
66.5   6.5   1.8145937   0.232165
81.0   8.0   2.0156059   0.23548681
99.0   10.0   2.1527368   0.24216945
121.0   12.0   2.4133666   0.23759211
148.0   15.0   2.4941782   0.24566025
180.5   17.5   2.5490169   0.23470796
220.0   22.0   2.6541648   0.24520105
269.0   27.0   2.7412753   0.23497668
328.5   32.5   2.817531   0.25061695
400.5   39.5   2.719006   0.28050586
488.5   48.5   2.3132145   0.31977586
596.5   59.5   2.5413917   0.41862354
728.0   72.0   1.3580682   0.47724157
