37.5   2.5   -0.12789075   0.14966772
43.5   3.5   0.19705685   0.14544967
50.5   3.5   0.15229803   0.17194724
58.5   4.5   0.9912113   0.14717465
68.0   5.0   0.95195599   0.1602743
79.0   6.0   0.22830478   0.15981267
91.5   6.5   0.30267573   0.161053
106.0   8.0   0.58858928   0.15104403
123.0   9.0   1.1482323   0.16650071
142.5   10.5   1.055869   0.16144139
165.0   12.0   1.8612511   0.17355
191.5   14.5   0.95017883   0.17447406
222.0   16.0   2.0639318   0.20964622
257.5   19.5   0.84256798   0.1879041
299.0   22.0   1.0387082   0.2267113
346.5   25.5   0.63528655   0.24919921
401.5   29.5   0.89816435   0.29685017
465.5   34.5   0.27923609   0.28857968
