15.0   2.0   -0.18634865   0.056243301
19.5   2.5   -0.066257925   0.056087179
25.0   3.0   -0.03921495   0.058911903
32.0   4.0   0.07388231   0.057733487
41.5   5.5   0.0070066441   0.062542757
54.0   7.0   0.13825154   0.067868029
70.0   9.0   0.12153365   0.069161055
90.5   11.5   0.058024346   0.083582265
117.0   15.0   0.28471485   0.082096343
151.0   19.0   0.17181887   0.091060654
195.0   25.0   0.35692604   0.080638352
252.5   32.5   0.18383701   0.08482504
327.0   42.0   0.088455382   0.082396566
423.5   54.5   -0.11628573   0.09348066
548.0   70.0   -0.13238826   0.0968782
709.0   91.0   -0.11455674   0.11794658
