13.5   1.5   0.54768112   0.43820213
16.5   1.5   1.0459666   0.47417262
20.0   2.0   1.2984527   0.44092673
24.5   2.5   1.601508   0.44680481
30.5   3.5   2.0740284   0.48076267
37.5   3.5   2.4600647   0.47321717
45.5   4.5   3.281835   0.53688678
56.0   6.0   3.0276314   0.54221646
69.0   7.0   3.5890508   0.5865903
84.5   8.5   4.4517752   0.63228211
103.0   10.0   5.3062963   0.64931625
126.0   13.0   5.6687756   0.69524944
154.5   15.5   5.8557725   0.65745842
189.0   19.0   6.0225079   0.5879869
231.5   23.5   7.2144274   0.61011938
283.5   28.5   7.0606208   0.58093938
347.0   35.0   6.4582272   0.75335199
424.5   42.5   7.0680687   0.7487477
519.5   52.5   5.1224572   0.88360949
636.0   64.0   5.4116062   0.95342754
