13.5   1.5   0.45424019   0.41961339
17.0   2.0   0.10095306   0.42941734
21.5   2.5   0.21071801   0.39167281
26.5   2.5   0.75744406   0.43317023
32.5   3.5   0.54893952   0.39055958
40.5   4.5   0.84824584   0.44221784
50.5   5.5   1.6579915   0.43625416
63.0   7.0   1.6238405   0.42121772
78.0   8.0   2.0272888   0.40542991
96.5   10.5   1.9862061   0.40910672
120.0   13.0   2.7646574   0.45613249
149.0   16.0   2.5091716   0.44208456
184.5   19.5   1.5591069   0.39557768
228.5   24.5   1.3495192   0.40407049
283.5   30.5   1.1794826   0.42556224
352.0   38.0   0.96908204   0.46566314
437.0   47.0   1.8035419   0.47467175
542.0   58.0   0.60827164   0.46010146
