13.5   1.5   0.28018162   0.32265719
16.5   1.5   0.038317501   0.27583486
19.5   1.5   0.12004525   0.29109376
23.5   2.5   0.24732244   0.25103332
28.5   2.5   0.089158517   0.29233005
34.5   3.5   0.42537664   0.26226703
41.5   3.5   1.0618966   0.29071201
50.0   5.0   1.0751431   0.30002696
60.5   5.5   1.1690653   0.30014905
73.0   7.0   1.3157545   0.29450101
88.5   8.5   1.5557592   0.3359034
107.0   10.0   1.7556686   0.31511132
129.0   12.0   1.8453511   0.33350252
155.5   14.5   1.7975158   0.33735798
188.0   18.0   1.0869582   0.38050753
227.0   21.0   0.61931068   0.52190618
274.0   26.0   0.37046575   0.51962582
