13.5   1.5   2.1362607   0.89186032
16.5   1.5   0.99119865   0.7579133
19.5   1.5   2.4093301   0.86694039
23.5   2.5   3.3292905   0.77229927
28.5   2.5   3.4736852   0.82560366
34.5   3.5   2.5113238   0.78411321
41.5   3.5   5.9940665   0.84732917
50.0   5.0   7.1344334   0.80234109
60.5   5.5   7.6980125   0.91283122
73.0   7.0   10.55195   0.83566068
88.5   8.5   11.35644   0.86199271
107.0   10.0   14.28501   0.92296869
129.0   12.0   13.839121   0.9139863
155.5   14.5   12.242892   1.0108302
188.0   18.0   6.2469103   0.99248918
227.0   21.0   2.616543   1.2060415
274.0   26.0   1.6309959   1.1333592
