48.0   3.0   0.20155619   0.47677632
54.5   3.5   0.048883986   0.43669778
61.5   3.5   0.15327159   0.43994498
69.0   4.0   0.066521491   0.42659636
78.0   5.0   0.40893435   0.42560328
88.0   5.0   0.85108894   0.41563532
99.0   6.0   0.79784116   0.43448083
112.0   7.0   0.4109659   0.42714918
126.5   7.5   1.2326037   0.49409448
143.0   9.0   1.3287664   0.42786479
161.5   9.5   0.91116695   0.44984944
182.0   11.0   1.2397324   0.48387841
205.5   12.5   1.366406   0.49290266
232.0   14.0   1.5239352   0.51804405
262.0   16.0   1.3718834   0.53298237
296.0   18.0   -0.16236789   0.52884066
334.0   20.0   0.80541628   0.6366128
377.0   23.0   0.74957464   0.70702965
