25.0   2.0   0.41040408   0.046909378
29.5   2.5   0.29017742   0.050104313
34.5   2.5   0.54155653   0.046494515
40.0   3.0   0.75530711   0.046161748
46.5   3.5   0.76793056   0.045750026
54.5   4.5   0.75180974   0.046275481
63.5   4.5   0.91857405   0.047420521
74.0   6.0   0.85735632   0.048068056
86.5   6.5   0.96356932   0.045167065
100.5   7.5   1.0358826   0.047449283
117.0   9.0   1.2533931   0.049348083
137.0   11.0   1.2542429   0.050552062
160.0   12.0   1.2710848   0.045791941
186.5   14.5   1.3533119   0.045189191
217.5   16.5   1.2473272   0.048774842
253.5   19.5   1.3492827   0.047265438
295.5   22.5   1.3164977   0.051333089
344.5   26.5   1.5438778   0.056525909
402.0   31.0   1.52549   0.058731619
468.5   35.5   1.0688748   0.084301893
546.0   42.0   0.84713227   0.082279463
637.0   49.0   1.6323373   0.083537585
743.0   57.0   1.0508751   0.12909488
