26.0   2.0   0.217955   0.064980825
31.0   3.0   0.3210246   0.064736465
37.0   3.0   0.84404441   0.069044015
44.0   4.0   1.1623514   0.06304357
52.5   4.5   1.20002   0.072401188
62.0   5.0   1.499323   0.068252677
73.5   6.5   1.5130297   0.067846241
87.5   7.5   1.6072209   0.070727443
104.0   9.0   1.7331986   0.067511065
124.0   11.0   2.055173   0.075034569
147.5   12.5   1.6210836   0.068183476
175.0   15.0   1.8984307   0.08453058
208.0   18.0   1.8300051   0.08321246
247.5   21.5   1.2446265   0.091481696
294.5   25.5   1.1833825   0.11290592
