13.0   1.0   0.76339029   0.10380118
15.5   1.5   1.0189746   0.084595885
18.5   1.5   1.1396864   0.096749443
22.0   2.0   1.7613655   0.084021449
26.5   2.5   2.3212258   0.086834347
32.0   3.0   2.756887   0.087241401
38.0   3.0   3.3304833   0.086461406
45.5   4.5   4.0495874   0.090141611
54.5   4.5   4.6652745   0.087632356
65.0   6.0   5.2604243   0.086674783
77.5   6.5   5.6696517   0.09101229
92.5   8.5   6.2192794   0.086372801
110.5   9.5   6.5197126   0.093121982
132.0   12.0   6.8419404   0.091136574
158.0   14.0   7.045813   0.091166349
188.5   16.5   7.3372668   0.092461753
225.0   20.0   7.6890663   0.10071497
269.0   24.0   7.3244627   0.11316059
321.5   28.5   7.3785735   0.12715557
384.0   34.0   7.7242924   0.1468334
459.0   41.0   7.067226   0.20731018
548.5   48.5   6.0172744   0.29976048
655.0   58.0   3.8440363   0.43288849
