14.5   1.5   0.17080613   0.2096229
18.0   2.0   0.11843652   0.20334733
22.5   2.5   0.46478141   0.207203
28.0   3.0   0.40011731   0.19711662
35.0   4.0   0.35950647   0.20564385
43.5   4.5   0.62050681   0.22808493
54.5   6.5   0.70345117   0.24124502
68.5   7.5   0.55183905   0.237076
85.5   9.5   0.7431726   0.25685347
107.0   12.0   0.64357304   0.26527642
134.0   15.0   0.60571367   0.28309284
168.0   19.0   0.64185058   0.26147829
210.5   23.5   0.68471527   0.2655147
263.5   29.5   0.5997364   0.27197693
329.5   36.5   1.1752383   0.33013153
412.5   46.5   0.73949008   0.30089098
517.0   58.0   -0.1285293   0.32171854
647.5   72.5   0.019157198   0.50074819
