13.0   1.0   0.35073502   0.51564143
15.0   1.0   0.65005943   0.49982247
17.5   1.5   1.0043381   0.47639024
21.0   2.0   1.1619053   0.44117584
25.0   2.0   1.9113753   0.44608076
29.5   2.5   2.68737   0.42551524
34.5   2.5   3.3135849   0.46217641
40.5   3.5   3.7918905   0.44976071
48.0   4.0   4.2838593   0.4731035
56.5   4.5   4.905082   0.50256296
67.0   6.0   5.4302678   0.46061248
79.5   6.5   6.2164801   0.47882369
93.5   7.5   7.1800402   0.47333322
110.0   9.0   7.6092417   0.46439427
129.5   10.5   8.4003134   0.4949476
153.0   13.0   8.9368623   0.54255587
180.5   14.5   9.2063699   0.54779388
212.5   17.5   10.441492   0.59841482
251.0   21.0   10.894934   0.63754777
296.0   24.0   9.2062641   0.63780639
349.0   29.0   10.678714   0.78254222
412.0   34.0   10.103845   0.98838599
486.0   40.0   7.5688224   1.0500799
573.0   47.0   9.2086484   1.3104786
