34.0   3.0   -0.15831901   0.34829999
41.5   4.5   0.14721622   0.35565935
51.0   5.0   1.3273906   0.39625302
62.0   6.0   0.97942001   0.36367853
75.5   7.5   1.467273   0.37160676
92.0   9.0   1.5087057   0.3875704
112.5   11.5   1.471141   0.36450078
137.5   13.5   1.916274   0.41458271
167.5   16.5   1.6310433   0.41672116
204.5   20.5   1.9396677   0.4396677
250.0   25.0   1.3594363   0.51786457
305.0   30.0   0.63952673   0.68913877
372.0   37.0   0.62356717   0.76327501
454.5   45.5   -0.3384304   0.89412225
