25.0   2.0   0.25177618   0.13558852
29.5   2.5   0.09199295   0.1516401
34.5   2.5   0.47511209   0.13735651
40.0   3.0   0.31866311   0.14057113
46.5   3.5   0.28735414   0.15421924
54.5   4.5   0.5967827   0.15229299
63.5   4.5   0.42475184   0.14256466
74.0   6.0   0.45890594   0.14560015
86.5   6.5   0.55469564   0.16476982
100.5   7.5   0.68729092   0.17087814
117.0   9.0   0.39469686   0.16782621
136.5   10.5   0.58546286   0.19343661
159.5   12.5   0.43445956   0.19464436
186.0   14.0   0.17503882   0.2280354
