25.0   2.0   -0.76138864   0.12686365
29.5   2.5   -0.042320489   0.14691733
35.0   3.0   -0.57308423   0.12195562
41.0   3.0   0.49118588   0.13627822
48.0   4.0   -0.22740039   0.12915966
56.0   4.0   0.6609515   0.13031377
65.5   5.5   -0.24982637   0.12860527
77.0   6.0   0.44257678   0.1267883
90.0   7.0   0.59278525   0.13432877
105.0   8.0   0.77938608   0.13978611
123.0   10.0   1.0133078   0.14390253
144.0   11.0   0.92470688   0.13654625
168.5   13.5   0.8813478   0.13080117
197.5   15.5   0.36364177   0.1444606
231.0   18.0   1.062059   0.14687403
270.5   21.5   0.52634663   0.1581277
317.0   25.0   -0.077784413   0.17665426
371.0   29.0   0.16322859   0.18460245
