45.5   8.5   0.18522366   0.069187517
66.5   12.5   0.37247691   0.068293382
97.5   18.5   0.61838352   0.068839766
143.0   27.0   0.89825002   0.078559964
210.0   40.0   1.2349079   0.088410385
308.5   58.5   1.4187013   0.12801151
452.5   85.5   1.7485105   0.13842632
664.0   126.0   1.8750802   0.19551873
974.5   184.5   2.056519   0.28465456
1430.0   271.0   2.6430411   0.13534601
2099.0   398.0   3.032709   0.15417214
3080.5   583.5   3.1910543   0.19986695
4521.0   857.0   3.0605909   0.29569971
6635.0   1257.0   2.5810115   0.38737321
9737.5   1845.5   3.0957079   0.54537591
14291.5   2708.5   2.9177707   0.68371808
