14.5   1.5   0.046748954   0.21323111
18.0   2.0   0.011130585   0.2032908
22.5   2.5   0.2103569   0.21003926
28.5   3.5   0.43714291   0.18774297
36.0   4.0   0.717788   0.19121155
45.0   5.0   0.77387047   0.19139392
56.5   6.5   0.86671221   0.19335381
71.5   8.5   0.98057052   0.19443015
90.0   10.0   1.0902933   0.19186103
113.0   13.0   1.1582482   0.19653915
142.5   16.5   1.3654732   0.19853422
179.5   20.5   1.3557769   0.2070002
226.5   26.5   1.3723956   0.20073324
285.5   32.5   1.7278186   0.23203383
359.0   41.0   1.8885211   0.2405476
452.0   52.0   1.1612483   0.28558411
569.5   65.5   1.3027985   0.35160095
717.5   82.5   1.3023527   0.39938744
