45.0   4.0   0.39467427   0.2331089
53.5   4.5   0.45547405   0.22138823
63.0   5.0   0.3894654   0.23745574
74.0   6.0   0.843432   0.23967283
87.5   7.5   1.1038702   0.22565017
103.5   8.5   0.78335826   0.21701381
122.5   10.5   0.8768541   0.21631284
145.0   12.0   1.1813314   0.21853546
171.0   14.0   1.0672163   0.22767441
201.5   16.5   1.2163634   0.25214344
238.0   20.0   1.3094561   0.28038247
281.5   23.5   1.4218436   0.31940773
332.5   27.5   1.0319932   0.34100628
392.5   32.5   1.8780397   0.46353685
463.5   38.5   1.5425105   0.45632829
547.5   45.5   0.74077762   0.56424576
646.5   53.5   0.19606214   0.64299092
