15.5   2.5   0.18164628   0.071389725
20.5   2.5   0.42049161   0.068197921
27.0   4.0   0.47550229   0.065559925
36.0   5.0   0.44338303   0.069168535
47.5   6.5   0.63006376   0.074012841
63.0   9.0   0.82540604   0.073700741
83.5   11.5   0.93371031   0.079540269
110.5   15.5   0.99282607   0.078795624
146.5   20.5   1.2228789   0.082621937
194.0   27.0   1.2217103   0.080238798
257.5   36.5   1.3173683   0.084255698
341.5   47.5   1.146016   0.091234063
452.5   63.5   0.95088663   0.095987461
599.5   83.5   0.73563878   0.11807898
794.0   111.0   1.1687126   0.12821056
1052.5   147.5   0.31947951   0.074818749
