48.5   3.5   -0.8590211   0.58448161
55.5   3.5   -0.89226601   0.5972986
63.0   4.0   0.10774491   0.5996733
71.5   4.5   2.3736001   0.61951067
81.0   5.0   3.4729608   0.64923954
92.0   6.0   4.3288838   0.62687975
104.5   6.5   4.890841   0.70468685
118.5   7.5   5.146808   0.62173434
135.0   9.0   6.8429503   0.66675223
153.5   9.5   7.2388577   0.71075787
174.5   11.5   5.3351932   0.69287421
198.5   12.5   6.1385627   0.70423358
225.5   14.5   8.0724104   0.73109323
256.5   16.5   5.4126727   0.79442699
291.5   18.5   3.7168145   0.86358247
331.0   21.0   5.0166575   0.90512454
376.0   24.0   3.8760591   1.0529852
