13.5   1.5   -0.17405244   0.085578475
17.0   2.0   0.040089334   0.086536808
21.0   2.0   0.025136059   0.083642828
26.0   3.0   0.064526011   0.08385097
32.0   3.0   0.2002628   0.086194987
39.5   4.5   0.10628457   0.083467024
49.0   5.0   0.18260433   0.084660208
60.5   6.5   0.42468444   0.086381838
75.0   8.0   0.60631031   0.090959543
92.5   9.5   0.79945229   0.087745959
114.0   12.0   0.85115249   0.089735778
141.0   15.0   0.89953431   0.093082169
174.0   18.0   1.0856356   0.094892991
214.5   22.5   1.2178867   0.090821768
265.0   28.0   1.0438895   0.092853708
327.5   34.5   1.2723464   0.096272442
404.5   42.5   1.3027309   0.096224984
499.5   52.5   1.6017094   0.10700238
617.0   65.0   2.0106257   0.11726382
762.5   80.5   2.2797167   0.12180031
942.0   99.0   1.7870871   0.085466871
1163.0   122.0   1.6598138   0.078341108
1436.0   151.0   1.9749897   0.083641578
1774.0   187.0   2.0274517   0.083689376
2191.0   230.0   2.1204619   0.080119436
2706.0   285.0   1.9552237   0.087568706
3342.5   351.5   2.192876   0.10887842
4128.0   434.0   2.5818885   0.10822989
5098.5   536.5   3.5101566   0.14208848
6297.0   662.0   4.0209646   0.16365813
7777.0   818.0   4.1746363   0.187086
9605.5   1010.5   2.712621   0.21079127
11863.5   1247.5   1.4075485   0.22448645
14652.0   1541.0   1.0829686   0.39220615
18096.5   1903.5   0.27047357   0.3135689
