13.0   1.0   0.56635322   0.61629716
15.0   1.0   0.61572227   0.62865148
17.5   1.5   0.51310629   0.61329038
20.5   1.5   0.99304407   0.596934
24.0   2.0   1.5301464   0.56501561
28.0   2.0   1.2792221   0.58839816
33.0   3.0   1.0001392   0.53290411
39.0   3.0   2.3608138   0.62695521
45.5   3.5   2.7972117   0.61144328
53.0   4.0   2.8583556   0.66856543
62.0   5.0   2.7170153   0.61446669
73.0   6.0   4.2260803   0.62140795
85.5   6.5   4.5950702   0.66812486
100.0   8.0   5.1602254   0.74129612
117.5   9.5   6.0514386   0.75534653
137.5   10.5   6.5049226   0.72884314
161.0   13.0   5.3628475   0.7478835
189.0   15.0   4.6488386   0.67547698
221.5   17.5   4.6600377   0.75411752
259.5   20.5   3.2166079   0.7146636
