34.5   3.5   0.20771806   0.026403957
42.0   4.0   0.30915573   0.027749391
51.5   5.5   0.38622979   0.026598153
63.5   6.5   0.42059364   0.023884499
78.0   8.0   0.53538732   0.024107896
96.0   10.0   0.64131534   0.023422748
118.0   12.0   0.66192688   0.023614438
144.5   14.5   0.72928521   0.02330324
177.5   18.5   0.78997333   0.023313962
218.5   22.5   0.80001358   0.024239787
268.5   27.5   0.83543994   0.024828966
329.5   33.5   1.025264   0.027073936
405.0   42.0   0.92950436   0.029489569
498.0   51.0   0.9366137   0.033927968
611.5   62.5   0.70042856   0.039962965
751.0   77.0   1.0290294   0.049046339
923.0   95.0   0.83363381   0.028690269
1134.0   116.0   0.90397563   0.039215725
1393.0   143.0   0.53713398   0.047990729
1711.5   175.5   0.68858355   0.058668653
2103.0   216.0   0.13910396   0.076939718
2584.0   265.0   -0.28736666   0.10480087
3174.5   325.5   -0.12584402   0.10568684
