36.0   2.0   0.61478129   0.53952585
40.0   2.0   1.5848528   0.71511867
45.0   3.0   3.2230809   0.61412379
50.5   2.5   4.128242   0.68475801
56.5   3.5   4.5711842   0.64915223
63.5   3.5   5.6788032   0.79689998
71.5   4.5   5.1797014   0.65955281
80.5   4.5   6.9823173   0.8345819
90.0   5.0   7.0065251   0.76651598
101.0   6.0   8.3062165   0.85582082
113.5   6.5   8.3487733   0.84594907
127.0   7.0   8.4583794   0.87159085
142.5   8.5   9.1913391   0.8956763
160.0   9.0   7.9915703   0.84271783
179.5   10.5   6.1360669   0.67144156
201.5   11.5   6.5589366   0.729139
226.0   13.0   6.6550863   0.72544568
254.0   15.0   5.6856787   0.70549055
285.5   16.5   5.0733071   0.72629107
320.5   18.5   5.2994581   0.79847817
359.5   20.5   4.932153   0.87306973
