35.0   2.0   -0.085696737   0.35817415
39.0   2.0   0.37607671   0.34447665
43.5   2.5   0.29866075   0.42327423
48.5   2.5   0.39916809   0.34196412
53.5   2.5   1.5528607   0.42542797
59.0   3.0   0.76623957   0.39410611
65.5   3.5   1.0568344   0.35414303
73.0   4.0   0.74115917   0.36620473
81.0   4.0   0.90666474   0.37711704
90.0   5.0   0.98124685   0.37658956
100.0   5.0   1.2518137   0.48835136
111.0   6.0   1.1258198   0.359099
123.5   6.5   1.2909442   0.376643
137.0   7.0   1.0668483   0.41474122
152.0   8.0   1.8135975   0.43348528
169.0   9.0   1.2640517   0.39800079
187.5   9.5   0.82337192   0.48292752
208.0   11.0   1.2593293   0.4783863
231.0   12.0   0.83847119   0.67981109
256.5   13.5   0.60104942   0.63773715
285.0   15.0   0.88586005   0.75484584
