20.0   2.0   0.38132754   0.29157161
24.0   2.0   0.87855043   0.27431523
28.5   2.5   1.2225134   0.28097471
34.0   3.0   1.1775077   0.29364052
41.0   4.0   1.6163634   0.27927193
49.5   4.5   1.4734915   0.26698733
59.5   5.5   2.1563805   0.29076582
71.5   6.5   1.7546306   0.25905183
86.0   8.0   2.040613   0.25706131
103.0   9.0   2.4268715   0.25779244
123.5   11.5   2.7290151   0.26276711
148.5   13.5   2.7487832   0.27466776
178.0   16.0   3.12051   0.28709337
213.5   19.5   2.5766828   0.28110033
256.5   23.5   3.430956   0.36449723
308.5   28.5   2.4067646   0.35304398
370.5   33.5   2.3774238   0.38698638
444.5   40.5   2.154001   0.53096811
534.0   49.0   3.8571459   0.9858593
641.5   58.5   2.1798171   0.77584233
