13.0   1.0   1.5908761   0.2712364
15.0   1.0   -0.28295465   0.27841935
17.5   1.5   1.1476121   0.25561535
20.5   1.5   0.32656378   0.27175456
24.0   2.0   1.159703   0.23170803
28.5   2.5   1.4234707   0.24071027
33.5   2.5   1.3842846   0.24062005
39.0   3.0   1.7548962   0.24479338
46.0   4.0   2.3893778   0.25287547
54.0   4.0   2.6010452   0.26558006
63.5   5.5   3.4756399   0.25511327
74.5   5.5   3.9332849   0.25185571
87.0   7.0   3.7506608   0.27070276
102.5   8.5   3.9848029   0.26107415
120.5   9.5   4.9775626   0.27442181
141.5   11.5   3.3974953   0.28563535
166.0   13.0   4.7097955   0.30071301
195.0   16.0   1.877672   0.29942937
229.0   18.0   3.051027   0.38788863
268.5   21.5   5.1048692   0.39498473
315.5   25.5   1.710535   0.47128095
370.5   29.5   1.5773651   0.55941962
